"Q1A" "Q1B" "Q1C" "Q1D" "Q1E" "Q2A" "Q2B" "Q2C" "Q2D" "Q2E" "Q3A" "Q3B" "Q3C" "Q4A" "Q4B" "Q4C" "Q4D" "Q5A" "Q5B" "Q5C" "Q5D" "Q6A" "Q6B" "Q6C" "Q6D" "Q7A" "Q7B" "Q7C" "Q7D" "Q8A" "Q8B" "Q8C" "Q8D" "Q9A" "Q9B" "Q9C" "Q10A" "Q10B" "Q10C" "Q10D" "Q11A" "Q11B" "Q11C" "Q11D" "Q11E" "Q12A" "Q12B" "Q12C" "Q12D" "Q12E" "Q13A" "Q13B" "Q13C" "Q13D" "Q14A" "Q14B" "Q14C" "Q14D" "Q15A" "Q15B" "Q15C" "Q15D" "Q16A" "Q16B" "Q16C" "Q16D" "Q16E" "Q17A" "Q17B" "Q17C" "Q17D" "Q18A" "Q18B" "Q18C" "Q19A" "Q19B" "Q19C" "Q19D" "Q20A" "Q20B" "Q20C" "Q21A" "Q21B" "Q21C" "Q21D" "Q22A" "Q22B" "Q22C" "Q22D" "Q23A" "Q23B" "Q23C" "Q23D" "Ascores" "Pscores" "TFscores"
0 0 0 1 1 1 1 1 0 1 1 0 1 1 1 0 1 1 1 0 1 1 0 0 0 1 1 1 1 1 0 1 1 0 1 1 1 0 1 1 1 0 1 1 0 0 0 1 1 1 1 1 0 1 1 0 1 1 1 0 1 1 1 0 1 1 0 0 0 1 1 1 1 1 0 1 1 0 1 1 1 0 1 1 1 0 1 1 0 0 0 1 1 17.39 66.39 62.89
0 1 1 1 1 0 1 1 1 1 1 1 1 1 1 0 1 1 1 1 1 1 0 1 1 1 1 0 1 1 1 1 1 1 1 1 1 0 1 1 1 1 1 1 0 1 1 1 1 0 1 1 1 1 1 1 1 1 1 0 1 1 1 1 1 1 0 1 1 1 1 0 1 1 1 1 1 1 1 1 1 0 1 1 1 1 1 1 0 1 1 1 1 30.43 73.7 70.1
1 0 0 1 0 1 1 0 0 1 0 1 1 1 1 0 0 1 1 1 0 0 1 0 0 1 0 1 1 0 0 1 0 1 1 1 1 0 0 1 1 1 0 0 1 0 0 1 0 1 1 0 0 1 0 1 1 1 1 0 0 1 1 1 0 0 1 0 0 1 0 1 1 0 0 1 0 1 1 1 1 0 0 1 1 1 0 0 1 0 0 1 0 30.43 71.17 65.98
0 1 1 1 0 1 1 1 1 1 1 1 1 1 1 0 1 1 1 0 0 0 0 1 1 1 0 1 1 1 1 1 1 1 1 1 1 0 1 1 1 0 0 0 0 1 1 1 0 1 1 1 1 1 1 1 1 1 1 0 1 1 1 0 0 0 0 1 1 1 0 1 1 1 1 1 1 1 1 1 1 0 1 1 1 0 0 0 0 1 1 1 0 34.78 70.22 67.01
1 0 1 1 1 0 1 0 1 0 1 0 1 1 1 0 0 1 0 1 0 1 1 0 1 1 1 0 1 0 1 0 1 0 1 1 1 0 0 1 0 1 0 1 1 0 1 1 1 0 1 0 1 0 1 0 1 1 1 0 0 1 0 1 0 1 1 0 1 1 1 0 1 0 1 0 1 0 1 1 1 0 0 1 0 1 0 1 1 0 1 1 1 4.35 49.7 47.42
1 1 1 1 1 1 1 1 1 1 0 1 0 0 0 0 1 1 1 0 1 1 1 1 1 1 1 1 1 1 1 1 0 1 0 0 0 0 1 1 1 0 1 1 1 1 1 1 1 1 1 1 1 1 0 1 0 0 0 0 1 1 1 0 1 1 1 1 1 1 1 1 1 1 1 1 0 1 0 0 0 0 1 1 1 0 1 1 1 1 1 1 1 43.48 74.87 71.13
0 1 0 0 0 0 1 0 0 1 0 1 0 0 0 0 0 0 0 1 1 0 0 1 0 0 0 0 1 0 0 1 0 1 0 0 0 0 0 0 0 1 1 0 0 1 0 0 0 0 1 0 0 1 0 1 0 0 0 0 0 0 0 1 1 0 0 1 0 0 0 0 1 0 0 1 0 1 0 0 0 0 0 0 0 1 1 0 0 1 0 0 0 4.35 58.39 54.64
1 1 1 1 1 1 1 1 1 1 1 1 1 0 0 0 0 1 1 0 0 1 1 1 1 1 1 1 1 1 1 1 1 1 1 0 0 0 0 1 1 0 0 1 1 1 1 1 1 1 1 1 1 1 1 1 1 0 0 0 0 1 1 0 0 1 1 1 1 1 1 1 1 1 1 1 1 1 1 0 0 0 0 1 1 0 0 1 1 1 1 1 1 56.52 77.61 73.2
1 1 1 1 1 1 0 1 0 1 0 1 0 0 1 0 1 0 1 1 1 1 1 1 1 1 1 1 0 1 0 1 0 1 0 0 1 0 1 0 1 1 1 1 1 1 1 1 1 1 0 1 0 1 0 1 0 0 1 0 1 0 1 1 1 1 1 1 1 1 1 1 0 1 0 1 0 1 0 0 1 0 1 0 1 1 1 1 1 1 1 1 1 21.74 57.04 54.64
0 1 0 1 0 0 1 1 0 1 1 0 0 0 0 0 1 0 0 0 1 1 0 1 0 1 0 0 1 1 0 1 1 0 0 0 0 0 1 0 0 0 1 1 0 1 0 1 0 0 1 1 0 1 1 0 0 0 0 0 1 0 0 0 1 1 0 1 0 1 0 0 1 1 0 1 1 0 0 0 0 0 1 0 0 0 1 1 0 1 0 1 0 17.39 57.43 53.61
1 1 0 1 0 0 1 1 0 0 0 0 1 1 0 1 1 1 1 1 0 1 1 1 0 1 0 0 1 1 0 0 0 0 1 1 0 1 1 1 1 1 0 1 1 1 0 1 0 0 1 1 0 0 0 0 1 1 0 1 1 1 1 1 0 1 1 1 0 1 0 0 1 1 0 0 0 0 1 1 0 1 1 1 1 1 0 1 1 1 0 1 0 17.39 60.96 58.76
1 1 1 1 1 1 1 1 1 1 1 1 1 1 1 0 1 1 1 0 1 1 1 1 1 1 1 1 1 1 1 1 1 1 1 1 1 0 1 1 1 0 1 1 1 1 1 1 1 1 1 1 1 1 1 1 1 1 1 0 1 1 1 0 1 1 1 1 1 1 1 1 1 1 1 1 1 1 1 1 1 0 1 1 1 0 1 1 1 1 1 1 1 78.26 92.83 88.66
0 1 0 1 1 0 1 0 1 1 1 1 0 1 1 0 1 0 1 1 1 1 0 1 0 1 1 0 1 0 1 1 1 1 0 1 1 0 1 0 1 1 1 1 0 1 0 1 1 0 1 0 1 1 1 1 0 1 1 0 1 0 1 1 1 1 0 1 0 1 1 0 1 0 1 1 1 1 0 1 1 0 1 0 1 1 1 1 0 1 0 1 1 30.43 68.26 64.95
1 0 0 1 1 1 1 0 0 1 0 0 0 0 1 0 1 1 1 0 0 1 1 0 0 1 1 1 1 0 0 1 0 0 0 0 1 0 1 1 1 0 0 1 1 0 0 1 1 1 1 0 0 1 0 0 0 0 1 0 1 1 1 0 0 1 1 0 0 1 1 1 1 0 0 1 0 0 0 0 1 0 1 1 1 0 0 1 1 0 0 1 1 26.09 68.74 65.98
0 1 0 0 0 0 1 0 0 1 0 1 0 0 0 1 1 0 0 0 0 1 0 1 0 0 0 0 1 0 0 1 0 1 0 0 0 1 1 0 0 0 0 1 0 1 0 0 0 0 1 0 0 1 0 1 0 0 0 1 1 0 0 0 0 1 0 1 0 0 0 0 1 0 0 1 0 1 0 0 0 1 1 0 0 0 0 1 0 1 0 0 0 13.04 47.3 45.36
1 0 0 1 1 1 1 0 1 0 0 1 1 1 1 0 0 0 1 1 1 1 1 0 0 1 1 1 1 0 1 0 0 1 1 1 1 0 0 0 1 1 1 1 1 0 0 1 1 1 1 0 1 0 0 1 1 1 1 0 0 0 1 1 1 1 1 0 0 1 1 1 1 0 1 0 0 1 1 1 1 0 0 0 1 1 1 1 1 0 0 1 1 13.04 60.09 57.73
0 1 0 1 1 1 1 1 0 1 0 1 1 1 1 1 1 0 0 0 0 1 0 1 0 1 1 1 1 1 0 1 0 1 1 1 1 1 1 0 0 0 0 1 0 1 0 1 1 1 1 1 0 1 0 1 1 1 1 1 1 0 0 0 0 1 0 1 0 1 1 1 1 1 0 1 0 1 1 1 1 1 1 0 0 0 0 1 0 1 0 1 1 13.04 53.91 51.55
0 1 1 1 0 0 1 1 1 1 1 1 1 1 1 0 1 0 0 0 1 1 0 1 1 1 0 0 1 1 1 1 1 1 1 1 1 0 1 0 0 0 1 1 0 1 1 1 0 0 1 1 1 1 1 1 1 1 1 0 1 0 0 0 1 1 0 1 1 1 0 0 1 1 1 1 1 1 1 1 1 0 1 0 0 0 1 1 0 1 1 1 0 21.74 60.35 57.73
1 1 1 1 1 1 1 1 0 1 1 1 0 0 0 0 1 0 0 0 0 1 1 1 1 1 1 1 1 1 0 1 1 1 0 0 0 0 1 0 0 0 0 1 1 1 1 1 1 1 1 1 0 1 1 1 0 0 0 0 1 0 0 0 0 1 1 1 1 1 1 1 1 1 0 1 1 1 0 0 0 0 1 0 0 0 0 1 1 1 1 1 1 21.74 62.43 59.79
1 1 0 1 1 1 1 1 0 1 1 1 1 1 1 0 1 1 1 1 0 0 1 1 0 1 1 1 1 1 0 1 1 1 1 1 1 0 1 1 1 1 0 0 1 1 0 1 1 1 1 1 0 1 1 1 1 1 1 0 1 1 1 1 0 0 1 1 0 1 1 1 1 1 0 1 1 1 1 1 1 0 1 1 1 1 0 0 1 1 0 1 1 34.78 69.65 67.01
0 1 0 0 0 0 1 1 0 0 0 0 0 1 0 0 1 1 1 0 1 1 0 1 0 0 0 0 1 1 0 0 0 0 0 1 0 0 1 1 1 0 1 1 0 1 0 0 0 0 1 1 0 0 0 0 0 1 0 0 1 1 1 0 1 1 0 1 0 0 0 0 1 1 0 0 0 0 0 1 0 0 1 1 1 0 1 1 0 1 0 0 0 21.74 55.57 53.61
1 1 1 1 1 1 1 1 1 1 1 1 1 1 1 0 1 0 1 0 1 1 1 1 1 1 1 1 1 1 1 1 1 1 1 1 1 0 1 0 1 0 1 1 1 1 1 1 1 1 1 1 1 1 1 1 1 1 1 0 1 0 1 0 1 1 1 1 1 1 1 1 1 1 1 1 1 1 1 1 1 0 1 0 1 0 1 1 1 1 1 1 1 78.26 93.04 88.66
0 0 0 1 0 0 1 0 0 1 1 0 1 1 1 0 1 1 1 0 0 1 0 0 0 1 0 0 1 0 0 1 1 0 1 1 1 0 1 1 1 0 0 1 0 0 0 1 0 0 1 0 0 1 1 0 1 1 1 0 1 1 1 0 0 1 0 0 0 1 0 0 1 0 0 1 1 0 1 1 1 0 1 1 1 0 0 1 0 0 0 1 0 21.74 66.13 61.86
1 1 0 1 1 1 1 1 0 1 1 0 0 0 1 0 1 1 0 0 0 0 1 1 0 1 1 1 1 1 0 1 1 0 0 0 1 0 1 1 0 0 0 0 1 1 0 1 1 1 1 1 0 1 1 0 0 0 1 0 1 1 0 0 0 0 1 1 0 1 1 1 1 1 0 1 1 0 0 0 1 0 1 1 0 0 0 0 1 1 0 1 1 30.43 63.7 60.82
1 1 1 1 1 1 1 1 1 1 0 1 1 1 0 1 1 1 0 1 1 1 1 1 1 1 1 1 1 1 1 1 0 1 1 1 0 1 1 1 0 1 1 1 1 1 1 1 1 1 1 1 1 1 0 1 1 1 0 1 1 1 0 1 1 1 1 1 1 1 1 1 1 1 1 1 0 1 1 1 0 1 1 1 0 1 1 1 1 1 1 1 1 34.78 75.09 71.13
0 1 0 1 1 1 1 1 0 0 0 1 0 1 0 0 0 0 0 1 0 1 0 1 0 1 1 1 1 1 0 0 0 1 0 1 0 0 0 0 0 1 0 1 0 1 0 1 1 1 1 1 0 0 0 1 0 1 0 0 0 0 0 1 0 1 0 1 0 1 1 1 1 1 0 0 0 1 0 1 0 0 0 0 0 1 0 1 0 1 0 1 1 8.7 48.3 46.39
0 1 0 0 1 1 1 0 1 1 1 1 1 0 0 0 0 0 1 0 1 0 0 1 0 0 1 1 1 0 1 1 1 1 1 0 0 0 0 0 1 0 1 0 0 1 0 0 1 1 1 0 1 1 1 1 1 0 0 0 0 0 1 0 1 0 0 1 0 0 1 1 1 0 1 1 1 1 1 0 0 0 0 0 1 0 1 0 0 1 0 0 1 8.7 56.65 54.64
1 0 0 1 1 0 1 0 1 1 1 1 0 0 1 0 0 1 1 1 1 1 1 0 0 1 1 0 1 0 1 1 1 1 0 0 1 0 0 1 1 1 1 1 1 0 0 1 1 0 1 0 1 1 1 1 0 0 1 0 0 1 1 1 1 1 1 0 0 1 1 0 1 0 1 1 1 1 0 0 1 0 0 1 1 1 1 1 1 0 0 1 1 26.09 65 60.82
1 1 0 1 1 1 1 1 0 1 1 1 1 0 0 0 1 1 1 1 0 1 1 1 0 1 1 1 1 1 0 1 1 1 1 0 0 0 1 1 1 1 0 1 1 1 0 1 1 1 1 1 0 1 1 1 1 0 0 0 1 1 1 1 0 1 1 1 0 1 1 1 1 1 0 1 1 1 1 0 0 0 1 1 1 1 0 1 1 1 0 1 1 13.04 59 56.7
1 0 1 1 1 1 1 1 1 0 0 1 1 1 1 0 0 1 0 1 0 0 1 0 1 1 1 1 1 1 1 0 0 1 1 1 1 0 0 1 0 1 0 0 1 0 1 1 1 1 1 1 1 0 0 1 1 1 1 0 0 1 0 1 0 0 1 0 1 1 1 1 1 1 1 0 0 1 1 1 1 0 0 1 0 1 0 0 1 0 1 1 1 30.43 65.13 62.89
0 1 0 1 0 0 1 1 0 1 1 1 1 0 0 0 1 1 0 0 0 1 0 1 0 1 0 0 1 1 0 1 1 1 1 0 0 0 1 1 0 0 0 1 0 1 0 1 0 0 1 1 0 1 1 1 1 0 0 0 1 1 0 0 0 1 0 1 0 1 0 0 1 1 0 1 1 1 1 0 0 0 1 1 0 0 0 1 0 1 0 1 0 13.04 53.17 50.52
1 1 0 1 1 0 1 0 0 1 1 1 1 1 1 0 0 0 1 0 0 1 1 1 0 1 1 0 1 0 0 1 1 1 1 1 1 0 0 0 1 0 0 1 1 1 0 1 1 0 1 0 0 1 1 1 1 1 1 0 0 0 1 0 0 1 1 1 0 1 1 0 1 0 0 1 1 1 1 1 1 0 0 0 1 0 0 1 1 1 0 1 1 8.7 54.48 52.58
1 1 1 1 1 1 1 1 1 1 0 1 0 1 0 1 1 1 0 1 1 1 1 1 1 1 1 1 1 1 1 1 0 1 0 1 0 1 1 1 0 1 1 1 1 1 1 1 1 1 1 1 1 1 0 1 0 1 0 1 1 1 0 1 1 1 1 1 1 1 1 1 1 1 1 1 0 1 0 1 0 1 1 1 0 1 1 1 1 1 1 1 1 52.17 81.39 77.32
1 1 0 1 0 0 1 1 0 0 1 0 0 0 1 1 1 1 1 0 0 1 1 1 0 1 0 0 1 1 0 0 1 0 0 0 1 1 1 1 1 0 0 1 1 1 0 1 0 0 1 1 0 0 1 0 0 0 1 1 1 1 1 0 0 1 1 1 0 1 0 0 1 1 0 0 1 0 0 0 1 1 1 1 1 0 0 1 1 1 0 1 0 13.04 62.83 60.82
1 1 0 1 1 1 1 1 0 1 1 1 1 0 0 1 1 1 0 0 0 1 1 1 0 1 1 1 1 1 0 1 1 1 1 0 0 1 1 1 0 0 0 1 1 1 0 1 1 1 1 1 0 1 1 1 1 0 0 1 1 1 0 0 0 1 1 1 0 1 1 1 1 1 0 1 1 1 1 0 0 1 1 1 0 0 0 1 1 1 0 1 1 17.39 57.96 56.7
0 1 0 0 0 0 1 1 0 1 1 1 1 1 1 0 1 1 0 1 0 1 0 1 0 0 0 0 1 1 0 1 1 1 1 1 1 0 1 1 0 1 0 1 0 1 0 0 0 0 1 1 0 1 1 1 1 1 1 0 1 1 0 1 0 1 0 1 0 0 0 0 1 1 0 1 1 1 1 1 1 0 1 1 0 1 0 1 0 1 0 0 0 26.09 67 63.92
1 1 1 1 1 1 1 1 1 1 1 1 1 1 1 0 1 1 1 1 1 1 1 1 1 1 1 1 1 1 1 1 1 1 1 1 1 0 1 1 1 1 1 1 1 1 1 1 1 1 1 1 1 1 1 1 1 1 1 0 1 1 1 1 1 1 1 1 1 1 1 1 1 1 1 1 1 1 1 1 1 0 1 1 1 1 1 1 1 1 1 1 1 73.91 86.43 83.51
0 0 1 1 1 1 1 1 1 1 0 1 1 1 1 1 1 1 0 0 0 0 0 0 1 1 1 1 1 1 1 1 0 1 1 1 1 1 1 1 0 0 0 0 0 0 1 1 1 1 1 1 1 1 0 1 1 1 1 1 1 1 0 0 0 0 0 0 1 1 1 1 1 1 1 1 0 1 1 1 1 1 1 1 0 0 0 0 0 0 1 1 1 34.78 67.7 64.95
0 1 0 1 0 0 0 0 0 1 1 1 0 1 0 0 1 1 1 1 0 1 0 1 0 1 0 0 0 0 0 1 1 1 0 1 0 0 1 1 1 1 0 1 0 1 0 1 0 0 0 0 0 1 1 1 0 1 0 0 1 1 1 1 0 1 0 1 0 1 0 0 0 0 0 1 1 1 0 1 0 0 1 1 1 1 0 1 0 1 0 1 0 21.74 58.83 55.67
0 1 0 1 1 0 1 0 1 1 0 1 0 1 1 0 1 1 0 1 1 1 0 1 0 1 1 0 1 0 1 1 0 1 0 1 1 0 1 1 0 1 1 1 0 1 0 1 1 0 1 0 1 1 0 1 0 1 1 0 1 1 0 1 1 1 0 1 0 1 1 0 1 0 1 1 0 1 0 1 1 0 1 1 0 1 1 1 0 1 0 1 1 21.74 66.13 62.89
1 0 0 1 1 1 1 0 1 1 1 1 1 0 1 0 0 1 0 0 0 0 1 0 0 1 1 1 1 0 1 1 1 1 1 0 1 0 0 1 0 0 0 0 1 0 0 1 1 1 1 0 1 1 1 1 1 0 1 0 0 1 0 0 0 0 1 0 0 1 1 1 1 0 1 1 1 1 1 0 1 0 0 1 0 0 0 0 1 0 0 1 1 21.74 60.43 57.73
